-,-,-
-0.70,9.52,0.16
-0.66,9.56,0.24
-0.83,9.39,0.23
-0.67,9.46,0.20
-0.67,9.56,0.24
-0.64,9.47,0.24
-0.53,9.34,0.28
-0.59,9.51,0.21
-0.77,9.62,0.17
-0.30,9.47,0.30
6.08,10.74,0.54
6.94,6.91,-1.03
1.70,0.18,-1.53
-8.80,12.87,-5.35
-13.46,19.93,-8.21
-11.43,14.87,-8.47
6.90,11.91,-4.42
9.33,8.92,-0.45
10.07,5.58,1.44
5.92,8.89,0.09
-1.90,8.63,0.13
-4.92,8.92,-0.21
-4.18,7.00,-0.19
-2.28,8.31,0.78
-0.35,10.07,0.81
-0.02,9.63,0.74
-0.19,9.78,0.60
-0.55,9.47,0.60
-0.89,9.21,0.57
-0.48,9.21,0.62
-0.52,9.49,0.52
-0.55,9.59,0.58
-0.67,9.52,0.60
-0.59,9.27,0.65
-0.56,9.42,0.59
-0.49,9.37,0.55
-0.49,9.57,0.63
-0.60,9.38,0.59
-0.71,9.53,0.54
-0.56,9.25,0.68
-0.60,9.41,0.59
-0.42,9.61,0.53
-0.42,9.40,0.49
-0.42,9.47,0.50




-,-,-
-0.38,9.36,0.36
-0.50,9.79,0.36
-0.42,9.56,0.46
-0.05,9.15,0.58
-0.51,9.53,0.46
-0.50,9.64,0.42
-0.33,9.38,0.49
-0.42,9.44,0.50
-0.29,9.33,0.50
-0.23,9.47,0.51
0.30,9.61,0.68
3.53,10.54,1.05
3.63,9.03,0.84
1.58,3.49,0.36
-3.66,1.94,-1.60
-5.89,8.46,-4.31
-8.56,17.91,-6.56
-4.70,15.26,-6.32
-1.20,11.26,-4.56
5.97,11.19,-3.20
6.98,11.59,-2.14
8.15,9.88,-0.54
6.85,7.41,-0.01
2.36,8.10,0.32
-3.25,9.12,0.05
-4.94,7.30,-0.32
-4.65,6.96,0.05
-2.32,8.00,0.68
-0.82,9.17,0.74
-0.21,10.30,0.75
0.13,9.94,0.73
-0.35,9.37,0.78
-0.70,9.25,0.63
-0.70,9.17,0.70
-0.62,9.50,0.60
-0.81,9.50,0.56
-0.83,9.28,0.66
-0.62,9.32,0.61
-0.60,9.52,0.55
-0.40,9.50,0.61
-0.70,9.49,0.52
-0.72,9.66,0.60
-0.61,9.21,0.62
-0.78,9.44,0.58
-0.74,9.41,0.58




-,-,-
-0.38,9.40,0.60
-0.43,9.44,0.55
-0.44,9.43,0.59
-0.56,9.32,0.59
-0.52,9.40,0.62
-0.68,9.39,0.65
-0.31,9.45,0.65
1.10,9.97,0.87
2.60,10.28,1.05
1.83,7.12,0.93
-1.07,1.64,0.00
-3.66,6.42,-2.62
-7.05,14.33,-4.96
-5.10,16.10,-5.59
-1.33,13.94,-5.04
4.15,17.44,-2.90
7.81,7.05,-2.21
8.92,6.42,1.31
0.99,4.87,1.21
-3.20,7.00,0.86
-5.64,9.59,-0.05
-4.15,7.92,-0.17
-1.75,7.99,0.70
0.40,9.47,1.23
0.38,9.66,1.04
0.01,9.75,0.94
-0.78,9.58,0.81
-0.83,8.81,1.02
-0.53,9.45,1.00
-0.57,9.48,0.95
-0.75,9.35,0.90
-0.88,9.36,0.85
-0.83,9.22,0.90
-0.45,9.23,0.94
-0.57,9.49,0.87
-0.52,9.56,0.84
-0.43,9.32,0.87
-0.76,9.32,0.90




-,-,-
-0.35,9.32,0.77
-0.27,9.38,0.78
-0.27,9.40,0.81
-0.49,9.38,0.82
-0.35,9.46,0.86
-0.38,9.34,0.79
-0.34,9.49,0.84
-0.30,9.54,0.87
1.10,9.77,1.13
3.51,10.30,1.16
3.15,4.92,0.84
-1.22,4.01,-0.42
-6.00,9.35,-2.93
-6.09,14.10,-4.82
-4.19,14.36,-4.80
4.35,12.37,-2.76
5.34,13.07,-2.14
11.23,11.47,-1.48
7.39,9.45,0.03
3.14,5.93,-0.10
-2.37,6.49,-0.11
-5.32,7.72,0.17
-4.63,7.73,-0.24
-2.22,8.06,0.39
-0.00,9.00,1.05
0.26,10.03,0.95
0.25,9.73,0.88
-0.68,9.49,0.74
-0.88,8.98,0.78
-0.46,9.59,0.70
-0.36,9.67,0.63
-0.37,9.41,0.63
-0.42,9.52,0.64
-0.45,9.27,0.69
-0.38,9.60,0.65
-0.24,9.32,0.58
-0.24,9.66,0.56
-0.22,9.35,0.63
-0.21,9.37,0.56




-,-,-
-0.51,9.53,0.57
-0.42,9.54,0.44
-0.35,9.51,0.56
-0.34,9.48,0.58
-0.57,9.50,0.44
-0.33,9.36,0.57
-0.43,9.41,0.54
-0.40,9.50,0.40
-0.38,9.28,0.55
-1.04,9.54,0.48
-0.24,9.62,0.61
1.07,9.38,0.86
5.09,10.43,1.26
3.48,8.02,1.35
-0.04,1.20,0.16
-5.93,6.50,-2.49
-11.49,14.56,-5.52
-5.42,14.63,-5.70
-2.10,12.96,-4.61
8.11,15.39,-3.81
12.56,12.20,-1.75
9.22,6.23,0.40
1.05,6.30,0.32
-5.34,4.28,0.02
-6.41,10.54,-0.73
-4.53,8.82,-0.48
-0.38,8.16,0.85
0.97,9.31,1.41
-0.02,10.64,0.92
-0.25,9.50,0.70
-1.06,8.91,0.74
-0.69,8.77,0.91
-0.65,9.53,0.79
-0.72,9.63,0.66
-0.73,9.43,0.79
-0.77,9.27,0.72




-,-,-
-0.52,9.30,0.58
-0.51,9.56,0.59
-0.55,9.24,0.60
-0.54,9.40,0.61
-0.68,9.44,0.57
-0.61,9.34,0.60
-0.75,9.23,0.63
-0.57,9.35,0.59
-0.67,9.50,0.56
-0.83,9.50,0.62
-0.59,9.55,0.73
1.40,10.00,1.02
6.62,9.83,1.36
2.16,3.96,0.77
-5.14,-0.01,-0.65
-10.82,9.97,-4.84
-8.53,16.60,-8.61
-3.23,16.03,-7.33
4.54,14.92,-5.19
14.36,16.11,-2.60
8.51,6.39,-0.36
3.41,5.54,0.68
-4.14,4.20,0.03
-8.50,8.17,-0.01
-6.21,7.88,-0.15
-2.22,7.11,0.86
1.00,9.48,1.65
1.01,10.58,1.34
0.02,10.17,1.02
-1.40,8.90,1.04
-1.39,8.22,1.13
-1.22,9.40,0.99
-0.73,9.79,0.96
-0.53,9.38,1.04
-0.71,9.15,1.10
-0.93,9.35,1.01
-0.83,9.38,1.03
-0.91,9.24,0.95
-0.79,9.39,0.97
-0.74,9.43,1.01
-1.09,9.23,1.03




-,-,-
-0.79,9.26,0.94
-0.94,9.43,0.96
-0.94,9.25,0.96
-0.80,9.37,0.92
-0.80,9.15,0.92
-0.61,9.31,0.93
-0.79,9.43,0.88
0.66,9.60,1.14
3.90,9.93,1.45
1.77,3.07,1.34
-2.67,1.27,-0.68
-9.34,8.72,-3.51
-8.29,15.68,-6.51
-2.55,16.17,-5.94
1.65,16.32,-4.79
6.88,15.54,-5.01
11.65,10.57,-2.07
8.11,5.46,0.97
0.37,4.02,0.92
-5.36,3.40,0.68
-7.39,7.88,-0.06
-5.43,9.22,-0.09
-2.05,10.20,0.39
0.82,9.49,1.10
0.42,8.81,1.11
-0.84,8.90,0.88
-2.09,9.34,0.64
-1.55,9.46,0.80
-1.30,9.01,0.86
-1.50,9.37,0.89
-1.07,9.15,0.86
-1.51,9.34,0.76
-1.41,9.29,0.75
-1.52,9.18,0.68




-,-,-
-1.41,9.23,0.45
-1.07,9.26,0.49
-1.54,9.46,0.38
-1.30,9.33,0.43
-1.35,9.31,0.52
-1.45,9.50,0.39
-1.44,9.36,0.49
-1.35,9.29,0.49
-1.49,9.43,0.43
-1.46,9.31,0.51
-0.90,9.56,0.59
3.79,11.11,0.81
4.04,9.69,0.97
0.21,3.27,0.80
-5.67,1.92,-0.95
-11.47,8.23,-3.84
-7.71,14.05,-6.05
-5.91,15.65,-6.35
7.22,22.87,-5.76
13.53,14.63,-3.05
5.81,4.02,1.39
-2.20,1.64,1.46
-6.84,4.88,0.54
-5.94,7.90,-0.01
-3.78,9.23,0.64
-0.97,9.77,1.39
0.06,8.21,1.30
-1.36,8.93,1.23
-2.49,9.04,1.01
-2.44,9.13,0.88
-1.90,8.97,1.10
-1.23,9.02,1.21
-1.50,9.53,1.04
-1.28,9.50,1.07
-1.36,9.21,1.04
-1.47,9.33,1.04
-1.71,8.99,0.99




-,-,-
-1.41,9.46,0.20
-1.50,9.39,0.25
-1.49,9.22,0.28
-1.25,9.43,0.31
-1.32,9.33,0.33
-1.39,9.32,0.31
-1.27,9.22,0.26
-1.48,9.26,0.36
-1.20,9.40,0.37
-1.38,9.84,0.22
-1.13,9.89,0.32
-0.29,9.86,0.54
1.34,10.20,0.68
5.25,10.51,0.94
5.69,5.47,-0.18
1.00,-1.68,-1.78
-7.50,1.61,-4.30
-16.54,22.01,-7.13
-5.90,21.85,-10.30
2.41,19.17,-7.13
11.52,6.99,-4.31
6.99,2.93,1.42
5.15,6.50,0.72
-1.09,6.57,1.20
-6.16,9.67,0.47
-5.29,7.23,0.12
-3.42,6.92,1.43
-0.37,8.40,1.73
-0.31,9.79,1.52
-0.76,9.65,1.36
-1.18,9.27,1.52
-1.12,8.87,1.54
-1.12,8.92,1.40
-1.24,9.41,1.32
-1.03,9.05,1.37
-0.58,9.22,1.35
-0.77,9.50,1.24




-,-,-
-0.84,9.36,1.18
-0.72,9.17,1.20
-0.80,9.48,1.16
-0.78,9.30,1.22
-1.33,9.01,1.23
-1.29,9.22,1.16
-0.54,9.53,1.36
0.89,10.20,1.36
4.89,11.25,1.27
5.43,9.41,1.44
0.62,0.86,0.92
-8.14,2.30,-0.79
-15.01,10.68,-3.98
-8.95,18.41,-6.16
0.31,18.51,-5.11
10.73,16.70,-2.54
10.93,8.66,0.22
7.35,6.44,1.25
-0.75,3.69,1.09
-5.93,5.87,1.25
-7.07,8.29,1.51
-4.57,7.74,1.33
-1.15,7.65,2.09
1.31,8.04,2.37
0.06,10.28,2.09
-1.06,9.55,1.78
-1.20,8.68,1.79
-1.05,8.77,1.87
-0.79,8.96,1.89
-0.58,9.46,1.78




-,-,-
-0.72,9.59,0.81
-0.63,9.23,0.86
-0.65,9.31,0.93
-0.32,9.02,0.99
-0.22,9.38,1.00
-0.53,9.39,1.03
-0.45,9.57,1.10
-0.56,9.60,1.12
0.33,9.68,1.17
3.44,9.45,1.63
6.61,6.19,1.21
0.33,-1.48,0.62
-8.98,1.22,-3.52
-16.99,17.66,-8.06
-6.50,22.99,-8.26
8.76,23.76,-3.77
15.87,4.69,-4.03
11.41,5.08,0.76
-0.80,1.00,1.11
-7.71,4.84,0.79
-6.41,7.68,0.90
-3.34,8.51,2.04
-1.25,9.22,2.43
0.17,9.85,2.33
0.10,8.08,2.28
-1.24,8.77,1.94
-2.12,9.18,1.94
-1.76,9.20,2.06
-1.15,8.82,2.02
-0.79,8.98,2.09
-0.64,9.17,1.93




-,-,-
-0.72,9.16,1.73
-0.92,9.10,1.75
-0.84,9.11,1.72
-0.87,9.14,1.73
-0.97,9.00,1.80
-0.90,9.07,1.76
-0.80,9.25,1.80
-0.38,9.26,1.85
2.47,9.58,2.01
5.48,8.65,1.66
1.85,-0.25,1.30
-8.01,3.80,-1.39
-14.81,15.44,-4.83
-4.86,20.49,-5.37
3.72,17.98,-2.46
14.68,13.39,-1.62
9.64,6.72,0.91
2.69,5.08,2.32
-5.56,2.42,1.52
-5.83,8.32,0.95
-4.10,7.80,1.93
-1.35,7.82,2.77
-0.15,9.79,2.42
0.65,9.06,2.63
-0.83,8.80,2.33
-1.49,9.06,2.14
-1.92,8.79,2.15
-1.53,8.91,2.33
-0.47,8.80,2.31




-,-,-
-0.93,9.07,2.09
-1.04,9.05,2.10
-0.78,9.00,2.06
-1.05,9.02,2.04
-0.99,8.94,2.09
-1.76,9.08,2.17
0.81,9.18,2.18
6.45,10.16,2.39
6.15,4.41,1.75
-0.49,-3.22,-0.13
-11.47,8.44,-5.16
-13.58,21.56,-9.98
-2.63,24.78,-6.52
11.94,18.99,-2.94
8.40,7.17,-0.92
14.61,3.56,2.04
-1.38,1.39,1.21
-7.85,8.46,-0.84
-6.29,8.59,0.50
-2.96,8.52,1.75
-0.42,9.51,1.61
0.95,9.77,2.01
-0.43,8.40,1.77
-2.07,9.52,1.18
-2.13,8.93,1.33
-1.89,9.57,1.49
-0.89,9.11,1.68




-,-,-
-0.90,9.29,1.26
-0.96,9.14,1.30
-0.92,9.36,1.18
-0.92,9.21,1.32
-0.96,9.25,1.27
-1.04,9.36,1.27
-1.44,9.76,1.36
-1.57,9.76,1.51
0.31,10.56,1.70
5.93,10.62,1.98
5.90,4.72,2.06
-1.17,-1.22,0.58
-10.80,-0.66,-2.59
-14.31,16.66,-6.70
-6.92,23.61,-7.22
5.03,20.25,-3.59
11.60,16.77,-4.16
11.99,8.57,1.22
4.20,0.88,2.83
-2.88,1.86,1.07
-7.08,6.31,0.38
-5.06,8.83,1.13
-1.69,8.67,2.31
-0.47,10.40,2.26
-0.51,8.98,2.23
-1.90,8.39,2.07
-2.13,8.84,2.01
-2.08,9.21,1.85
-1.28,9.40,2.05
-0.75,9.17,2.09




-,-,-
-1.00,9.14,1.56
-0.98,9.14,1.57
-0.95,9.19,1.47
-0.98,9.15,1.54
-0.91,9.24,1.53
-1.02,9.28,1.55
-0.85,9.10,1.58
-1.11,9.09,1.55
-0.84,9.14,1.55
-0.78,9.37,1.59
-0.68,8.96,1.67
-0.87,9.11,1.68
-0.80,9.20,1.66
-0.61,9.16,1.63
0.57,9.56,1.79
1.56,9.87,1.90
2.63,8.82,2.04
0.97,4.42,2.18
-2.73,-0.51,0.62
-8.47,5.51,-3.02
-7.74,15.46,-5.64
-3.18,23.18,-6.11
4.55,21.64,-3.47
10.93,11.90,-4.25
7.60,7.36,1.92
5.06,3.18,2.54
-3.51,2.49,1.30
-6.93,6.58,0.55
-8.44,8.59,0.90
-4.32,8.56,1.76
-1.31,9.87,1.83
0.62,9.94,2.16
-0.17,9.13,1.95
-1.93,8.21,1.92
-2.47,8.69,1.75
-2.35,8.98,1.90
-1.56,8.88,1.89
-0.94,9.37,1.74
-0.85,8.88,1.72
-1.33,9.00,1.79




-,-,-
-1.02,9.08,1.52
-1.41,9.06,1.49
-1.28,9.24,1.49
-1.40,9.28,1.53
-1.24,9.00,1.60
-1.50,9.25,1.51
-1.66,9.21,1.48
-1.73,9.15,1.46
-1.25,9.80,1.46
-0.63,9.80,1.58
2.49,10.45,1.94
7.66,9.91,2.48
1.01,4.27,2.00
-7.14,-2.31,-0.09
-17.23,7.74,-2.10
-8.84,15.51,-3.86
-0.34,19.44,-2.38
9.48,21.14,-3.91
13.77,13.21,0.06
6.43,3.34,2.40
-2.37,0.49,2.42
-6.03,1.23,1.57
-6.03,6.70,1.14
-3.30,9.57,1.92
-0.11,11.09,2.57
0.28,10.06,2.76
-1.27,8.48,2.40
-2.31,7.63,2.40
-2.31,8.27,2.17
-1.53,9.05,2.26
-1.43,9.50,2.29




-,-,-
-1.46,9.01,1.75
-1.48,8.94,1.77
-1.42,8.88,1.80
-1.33,8.94,1.82
-1.77,8.72,1.80
-1.32,9.23,1.81
-0.62,9.11,1.79
-0.62,9.34,1.81
-0.56,9.64,1.82
-0.05,9.77,1.92
2.63,10.32,2.01
5.86,9.85,2.06
2.78,4.37,1.95
-9.15,0.25,-0.40
-16.60,5.00,-2.85
-8.98,15.32,-5.16
3.25,21.77,-3.48
10.10,19.91,-0.35
11.05,13.36,0.72
5.39,3.65,2.35
-2.47,1.79,1.90
-6.16,4.92,-0.50
-4.75,8.90,-0.48
-1.81,10.65,1.01
1.45,10.37,1.48
0.95,9.47,1.52
-0.86,8.48,1.24
-1.88,8.37,1.18
-1.02,9.33,1.01
-0.76,9.84,1.11
-0.59,9.37,1.26
-0.48,9.57,1.31
-0.40,9.15,1.24
-0.83,8.91,1.18
-1.04,8.97,1.27
-0.77,9.46,1.24
-0.75,9.28,1.19
-0.78,9.32,1.20
-0.90,9.34,1.13




-,-,-
-0.47,9.38,1.07
-0.48,9.15,1.01
-0.45,9.29,1.00
-0.57,9.37,1.05
-0.41,9.44,1.09
-0.27,9.59,1.03
0.98,9.69,1.34
5.77,9.42,2.24
2.59,5.95,2.22
0.52,0.85,0.52
-9.89,8.87,-2.83
-8.08,9.53,-4.53
-3.42,19.69,-4.37
4.73,20.21,-2.37
7.98,15.85,-0.86
5.28,9.78,-0.00
5.29,4.54,0.85
0.23,2.65,1.52
-3.59,4.17,1.30
-3.17,8.26,1.17
-1.67,10.65,0.96
-0.95,10.98,1.31
-0.00,9.49,1.56
-0.68,8.32,1.29
-1.21,8.52,1.35
-1.48,8.97,1.29
-1.61,9.97,1.22
-0.91,9.76,1.33
-0.98,9.20,1.32
-0.83,8.96,1.33
-1.05,8.97,1.32
-1.39,9.32,1.28
-1.13,9.62,1.26




-,-,-
0.19,9.74,-0.64
0.41,9.59,-0.55
0.53,9.55,-0.60
0.54,9.68,-0.60
0.31,9.69,-0.64
0.48,9.57,-0.66
0.59,9.65,-0.53
0.37,9.52,-0.58
0.32,9.60,-0.58
0.46,9.73,-0.57
0.54,9.67,-0.58
0.69,9.53,-0.63
0.60,9.72,-0.60
0.33,9.51,-0.60
0.41,9.82,-0.62
0.45,9.80,-0.59
0.83,9.85,-0.59
0.72,10.05,-0.40
3.55,10.56,-0.57
8.09,10.80,0.26
6.86,1.68,1.24
-2.01,-4.58,-1.48
-15.61,13.32,-7.24
-13.07,18.57,-11.65
-4.45,20.31,-10.90
10.75,15.83,-5.52
14.37,5.21,-1.75
5.84,6.47,0.15
0.72,6.27,0.18
-3.88,7.34,0.55
-3.56,8.32,0.55
-1.42,8.16,0.65
-0.55,9.17,0.60
-0.58,9.28,0.60
-0.51,9.67,0.62
-0.40,9.66,0.60
-0.16,9.31,0.57
-0.80,9.11,0.65
-0.48,9.39,0.57
-0.58,9.43,0.49




-,-,-
-0.21,9.45,0.45
-0.07,9.43,0.52
-0.33,9.44,0.49
-0.36,9.38,0.48
-0.43,9.29,0.56
0.06,9.50,0.53
0.57,9.98,0.52
2.51,10.61,0.65
5.57,10.07,1.23
2.82,5.03,1.59
-2.22,-0.49,-0.20
-10.17,10.63,-3.41
-9.07,17.74,-6.36
-3.21,18.60,-6.34
5.34,17.18,-4.00
10.19,8.85,-1.45
6.19,5.57,1.43
1.10,3.73,1.73
-3.11,5.81,1.44
-3.49,8.51,0.75
-3.17,10.35,0.45
-1.06,9.14,0.65
-0.25,9.03,1.19
0.21,8.97,1.38
-0.37,9.54,1.20
-0.57,9.56,0.95
-0.41,9.43,0.84
-0.77,9.31,0.90
-0.59,9.38,0.93




-,-,-
-0.25,9.25,0.85
-0.56,9.44,0.78
-0.44,9.44,0.81
-0.26,9.41,0.89
-0.19,9.27,0.89
-0.41,9.38,0.87
-0.05,9.47,0.79
3.67,11.04,0.99
8.73,10.92,1.38
3.81,0.84,1.81
-6.92,-0.07,-0.99
-14.90,8.41,-4.70
-9.44,14.78,-7.63
-1.68,17.05,-7.48
5.84,19.02,-6.48
9.69,16.34,-4.57
11.91,8.71,-1.64
4.98,4.77,0.82
-0.49,1.70,1.32
-4.67,4.89,1.01
-4.77,8.13,0.45
-3.06,11.44,0.15
-0.69,9.96,0.64
0.69,8.76,1.26
0.42,8.44,1.48
-0.56,9.15,1.14
-1.04,9.40,0.74
-1.03,9.41,0.68
-0.54,9.61,0.80




-,-,-
-0.35,9.38,0.77
-0.40,9.44,0.72
-0.41,9.38,0.75
-0.71,9.49,0.81
-0.56,9.58,0.85
-0.49,9.40,0.88
-0.02,9.77,0.86
2.14,9.48,1.13
4.14,9.47,1.59
3.08,5.19,2.27
0.07,-1.20,0.89
-8.82,5.67,-3.10
-9.18,13.48,-6.23
-4.44,18.37,-8.41
3.36,20.79,-7.45
7.63,16.70,-6.17
11.88,10.09,-3.28
8.31,6.05,0.66
3.60,4.00,1.93
-2.14,3.15,2.47
-2.55,6.77,1.21
-3.20,8.97,0.47
-2.40,10.36,0.61
-0.46,10.24,0.95
-0.10,9.65,1.27
-0.23,8.48,1.58
-0.56,9.09,1.43
-1.05,9.06,1.25
-1.29,9.73,1.07
-0.41,9.08,1.35
-0.19,9.01,1.28
-0.53,9.18,1.26
-0.61,9.40,1.16
-0.80,9.52,1.01
-0.98,9.09,1.13
-0.77,9.34,1.05




-,-,-
-0.74,9.41,0.90
-0.78,9.32,0.92
-0.20,9.17,0.85
-0.17,9.83,0.96
-0.19,9.82,0.99
0.68,9.77,1.39
4.85,8.99,2.37
5.86,4.57,3.15
0.11,2.86,0.52
-8.97,5.52,-3.54
-13.45,12.53,-6.72
-6.64,16.09,-8.26
2.57,20.14,-6.56
10.52,19.47,-4.44
14.03,9.75,-0.48
5.10,4.83,1.63
-0.51,3.01,1.34
-4.30,4.76,0.75
-4.49,6.76,0.51
-4.00,8.96,0.31
-2.11,9.56,0.84
-0.65,9.73,1.21
-0.26,9.43,1.33
-1.52,8.66,1.00
-2.17,9.06,0.90
-1.95,8.98,0.98
-1.60,9.22,1.17
-0.75,9.26,1.16
-0.68,9.93,1.05
-0.96,9.37,0.98




-,-,-
-1.02,9.28,0.95
-1.33,9.59,0.84
-1.57,9.06,0.95
-1.51,9.19,0.86
-1.15,9.17,0.84
-0.78,9.79,0.99
-0.17,9.99,1.18
2.02,10.54,1.50
4.14,10.82,2.08
3.42,7.55,2.15
-1.48,0.62,1.70
-9.66,0.36,-0.68
-13.86,6.24,-4.94
-5.39,18.10,-7.86
3.08,25.72,-6.94
9.38,21.05,-5.02
11.62,11.14,-1.44
7.35,3.72,1.84
-0.16,0.58,2.76
-4.39,1.04,2.54
-5.47,6.67,1.22
-4.49,10.91,0.51
-2.40,11.66,0.73
-1.05,9.66,1.47
-0.72,8.13,1.70
-1.07,8.21,1.58
-1.64,9.31,1.29
-1.92,9.81,1.28
-1.72,9.25,1.45
-1.39,8.87,1.51




-,-,-
-1.24,9.31,0.95
-1.11,9.34,0.97
-1.16,9.22,1.02
-1.23,9.21,1.01
-1.16,9.07,0.98
-1.05,9.01,1.00
-1.37,9.23,1.02
-1.10,9.52,1.00
-0.40,9.48,0.98
3.76,11.12,1.61
6.31,9.45,2.67
3.00,1.75,2.54
-6.90,3.10,-1.27
-12.12,6.62,-3.43
-13.66,13.40,-7.04
-2.71,18.64,-6.33
6.75,19.61,-4.31
11.77,13.57,-1.11
9.33,8.30,1.08
3.32,4.92,1.89
-1.58,2.46,2.40
-2.99,3.95,2.10
-4.72,8.26,0.58
-4.70,10.64,0.02
-2.66,10.68,0.45
-1.41,9.50,0.98
-1.02,8.60,1.38
-1.13,8.49,1.35
-1.45,9.20,1.09
-2.12,9.30,0.89
-1.91,9.43,0.99
-1.34,9.13,1.10
-1.04,9.16,1.11
-1.06,9.26,0.99




-,-,-
-1.27,9.19,0.92
-1.41,9.30,0.83
-1.25,9.22,0.82
-1.34,9.33,0.91
-0.81,9.01,0.92
-0.30,9.40,1.04
-1.34,9.23,0.96
-1.26,9.52,0.91
-0.63,9.70,1.00
1.69,9.62,1.77
2.47,7.53,2.15
0.41,1.26,1.93
-8.23,2.23,-1.02
-10.86,10.34,-4.66
-5.66,23.22,-7.31
4.57,23.05,-5.37
11.46,13.69,-0.56
10.23,5.63,2.11
4.11,3.35,2.42
-2.53,1.91,1.83
-7.20,6.25,0.31
-7.45,8.94,-0.39
-4.55,10.23,-0.03
-1.52,10.33,0.75
0.19,9.62,1.32
-0.41,8.78,1.50
-1.61,8.54,1.33




